interface.stat
kids_int 1
0

interface.eig
kids_real 3
 1.77288624e-01
 2.29903622e-01
 2.46598876e-01

interface.dE
kids_real 63
 1.54018518e-02  3.67794103e-02  2.28955007e-02 
 1.40574539e-02  2.30018711e-02  3.60711741e-02 
 1.92376646e-02  2.37613327e-02  1.65916058e-02 
 7.20899741e-03  4.11161517e-03  1.94812061e-02 
 7.19036052e-03  7.30229956e-03  2.88662434e-03 
 1.16411890e-02  4.92752061e-03  2.79214012e-02 
 5.64528576e-03  4.28299668e-03  1.82887477e-02 
 2.47637531e-03 -8.84123133e-04  1.89807710e-02 
-7.73444241e-03 -5.01246614e-03 -8.58195620e-03 
 6.45085645e-02  3.68828809e-02  3.62560316e-02 
-2.20726547e-02  6.84321980e-03 -2.26391929e-02 
-2.16024431e-02 -7.07782289e-03  2.34704145e-02 
-4.70640029e-02 -1.94964085e-02 -3.34541029e-02 
 1.15843767e-02 -2.59408937e-03  9.45533293e-03 
 1.41323697e-02  5.90834559e-03 -1.62281307e-02 
 1.20107487e-11  1.77492356e-11  2.22056441e-11 
-5.84087326e-12  1.37397021e-11  2.70543955e-11 
 4.89070401e-12  2.10747078e-11  2.07405043e-11 
-4.57006962e-02 -6.25604947e-02 -6.34673829e-02 
-1.32359117e-02 -3.36691783e-02 -4.47547095e-02 
-1.56743374e-02 -2.25069096e-02 -4.31733345e-02 

interface.nac
kids_real 189
 0.00000000e+00  3.37152473e-01 -1.90972541e-01 -3.37152473e-01  0.00000000e+00 -5.43943482e-01  1.90972541e-01  5.43943482e-01  0.00000000e+00 
 0.00000000e+00  2.79577052e-01  4.88479892e-01 -2.79577052e-01  0.00000000e+00  2.52409595e-01 -4.88479892e-01 -2.52409595e-01  0.00000000e+00 
 0.00000000e+00  1.14901121e-01 -4.60535772e-01 -1.14901121e-01  0.00000000e+00  2.36456148e-01  4.60535772e-01 -2.36456148e-01  0.00000000e+00 
 0.00000000e+00 -4.24771469e-02  1.02060782e-01  4.24771469e-02  0.00000000e+00  3.94247564e-01 -1.02060782e-01 -3.94247564e-01  0.00000000e+00 
 0.00000000e+00  7.20660042e-02 -2.64491205e-01 -7.20660042e-02  0.00000000e+00 -2.82325983e-01  2.64491205e-01  2.82325983e-01  0.00000000e+00 
 0.00000000e+00  2.09780163e-02 -2.60553028e-02 -2.09780163e-02  0.00000000e+00  2.92483270e-01  2.60553028e-02 -2.92483270e-01  0.00000000e+00 
 0.00000000e+00  5.38086740e-02  2.05292558e-01 -5.38086740e-02  0.00000000e+00  1.38789879e-01 -2.05292558e-01 -1.38789879e-01  0.00000000e+00 
 0.00000000e+00  1.71934528e-02 -1.93677383e-01 -1.71934528e-02  0.00000000e+00 -3.38851554e-01  1.93677383e-01  3.38851554e-01  0.00000000e+00 
 0.00000000e+00 -9.35160839e-03  9.83574500e-02  9.35160839e-03  0.00000000e+00  1.43373658e-01 -9.83574500e-02 -1.43373658e-01  0.00000000e+00 
 0.00000000e+00  4.33074224e-01  2.79768062e-01 -4.33074224e-01  0.00000000e+00  1.36262568e-01 -2.79768062e-01 -1.36262568e-01  0.00000000e+00 
 0.00000000e+00 -2.63709851e-01 -3.45258785e-01  2.63709851e-01  0.00000000e+00 -6.74850002e-01  3.45258785e-01  6.74850002e-01  0.00000000e+00 
 0.00000000e+00 -3.79742927e-01 -1.63239926e-02  3.79742927e-01  0.00000000e+00  8.14734828e-02  1.63239926e-02 -8.14734828e-02  0.00000000e+00 
 0.00000000e+00 -3.37417803e-01  1.28341632e-01  3.37417803e-01  0.00000000e+00  2.87208424e-02 -1.28341632e-01 -2.87208424e-02  0.00000000e+00 
 0.00000000e+00  1.43864477e-01  1.96262533e-01 -1.43864477e-01  0.00000000e+00 -3.25504785e-02 -1.96262533e-01  3.25504785e-02  0.00000000e+00 
 0.00000000e+00  2.26829753e-01 -4.04489472e-02 -2.26829753e-01  0.00000000e+00  2.29626005e-01  4.04489472e-02 -2.29626005e-01  0.00000000e+00 
 0.00000000e+00 -5.60506644e-12  9.84260779e-12  5.60506644e-12  0.00000000e+00 -1.24919714e-11 -9.84260779e-12  1.24919714e-11  0.00000000e+00 
 0.00000000e+00 -2.04162547e-13 -9.25188690e-12  2.04162547e-13  0.00000000e+00  1.30725335e-12  9.25188690e-12 -1.30725335e-12  0.00000000e+00 
 0.00000000e+00 -3.95308889e-12 -1.34210963e-11  3.95308889e-12  0.00000000e+00  3.83542563e-12  1.34210963e-11 -3.83542563e-12  0.00000000e+00 
 0.00000000e+00 -4.44887726e-01 -5.77539292e-01  4.44887726e-01  0.00000000e+00 -9.80141791e-02  5.77539292e-01  9.80141791e-02  0.00000000e+00 
 0.00000000e+00 -1.57371616e-01  5.89986435e-02  1.57371616e-01  0.00000000e+00  1.09391368e+00 -5.89986435e-02 -1.09391368e+00  0.00000000e+00 
 0.00000000e+00 -4.50230033e-02  5.38373003e-01  4.50230033e-02  0.00000000e+00 -1.03409973e+00 -5.38373003e-01  1.03409973e+00  0.00000000e+00 

interface.strength
kids_real 3
 0.00000000e+00
 5.78000000e-04
 2.26910000e-02

