      wn
15338.00     -7.10      0.00     -3.90      0.50      4.40    -25.00     69.00     -3.30
   -7.10  15292.00     10.00      5.70     -0.80    -29.00     -7.20      8.60     -1.80
    0.00     10.00  16100.00     -5.10      0.60     62.00      4.00     -1.80      0.70
   -3.90      5.70     -5.10  15347.00      9.90     -0.90      0.10      2.40      1.00
    0.50     -0.80      0.60      9.90  15358.00      0.60     -2.90     -0.80      0.10
    4.40    -29.00     62.00     -0.90      0.60  15315.00     -1.00      0.50     -1.70
  -25.00     -7.20      4.00      0.10     -2.90     -1.00  15329.00     18.00      4.20
   69.00      8.60     -1.80      2.40     -0.80      0.50     18.00  16183.00     -1.50
   -3.30     -1.80      0.70      1.00      0.10     -1.70      4.20     -1.50  15337.00