      wn
12410.00     -87.70       5.50      -5.90       6.70     -13.70      -9.90
  -87.70   12530.00      30.80       8.20       0.70      11.80       4.30
    5.50      30.80   12210.00     -53.50      -2.20      -9.60       6.00
   -5.90       8.20     -53.50   12320.00     -70.70     -17.00     -63.60
    6.70       0.70      -2.20     -70.70   12480.00      81.10      -1.30
  -13.70      11.80      -9.60     -17.00      81.10   12630.00      39.70
   -9.90       4.30       6.00     -63.30      -1.30      39.70   12440.00