interface.stat
kids_int 1
0

interface.eig
kids_real 3
-1.52672917e+02
-1.52639771e+02
-1.52575771e+02

interface.dE
kids_real 63
 1.09420671e-02  4.72649823e-02  3.78170942e-02 
 6.85659700e-03  2.91306937e-02  1.95937619e-02 
 1.63769900e-02  4.09126185e-02  2.83313914e-02 
 9.82194060e-03  1.04163266e-02  1.10556293e-02 
 2.87369480e-03  7.47912140e-03  8.03143600e-04 
-1.12209381e-02 -1.11148921e-02 -1.03186564e-02 
-3.29480760e-03 -2.04954420e-03 -5.11333020e-03 
-3.05375350e-03 -4.96832070e-03 -7.24817000e-05 
-4.85956800e-04  4.55137500e-04 -9.55416000e-04 
 9.08276640e-03  3.90952734e-02 -2.23926510e-03 
-2.84934260e-03 -1.60880103e-02 -8.47622090e-03 
-7.48011600e-03 -2.87425966e-02  4.98074700e-03 
 9.68395020e-03  1.14859660e-03  9.60409310e-03 
 5.16678670e-03  1.50255370e-02 -3.31859680e-03 
 3.18887600e-04  1.93745921e-02 -1.09113070e-02 
 2.43000000e-08  2.55000000e-08  3.00000000e-08 
 5.10000000e-09  6.70000000e-09  6.80000000e-09 
-1.92000000e-08 -1.78000000e-08 -1.98000000e-08 
-3.62359411e-02 -9.58756602e-02 -5.11242514e-02 
-8.99398760e-03 -3.05790279e-02 -8.52961290e-03 
 2.49115250e-03 -2.08848417e-02 -1.11267392e-02 

interface.nac
kids_real 189
 0.00000000e+00  4.34653256e-02 -6.21375507e-02 -4.34653256e-02  0.00000000e+00 -2.51834869e-01  6.21375507e-02  2.51834869e-01  0.00000000e+00 
 0.00000000e+00 -6.65218239e-02 -2.55454420e-02  6.65218239e-02  0.00000000e+00 -7.01106808e-02  2.55454420e-02  7.01106808e-02  0.00000000e+00 
 0.00000000e+00 -1.64092520e-01  5.55665959e-02  1.64092520e-01  0.00000000e+00  6.64192281e-02 -5.55665959e-02 -6.64192281e-02  0.00000000e+00 
 0.00000000e+00 -7.73920044e-02  6.74700085e-02  7.73920044e-02  0.00000000e+00 -1.00099255e-02 -6.74700085e-02  1.00099255e-02  0.00000000e+00 
 0.00000000e+00  4.33982253e-02 -4.94576515e-02 -4.33982253e-02  0.00000000e+00  1.10721906e-01  4.94576515e-02 -1.10721906e-01  0.00000000e+00 
 0.00000000e+00 -5.22308040e-02  4.56110082e-02  5.22308040e-02  0.00000000e+00  6.23288880e-03 -4.56110082e-02 -6.23288880e-03  0.00000000e+00 
 0.00000000e+00  4.67856342e-02 -3.89524248e-02 -4.67856342e-02  0.00000000e+00  6.57806624e-02  3.89524248e-02 -6.57806624e-02  0.00000000e+00 
 0.00000000e+00 -2.41168585e-02  6.16197943e-02  2.41168585e-02  0.00000000e+00 -7.94435018e-02 -6.16197943e-02  7.94435018e-02  0.00000000e+00 
 0.00000000e+00  3.66432985e-02 -3.00366908e-02 -3.66432985e-02  0.00000000e+00  1.02584624e-02  3.00366908e-02 -1.02584624e-02  0.00000000e+00 
 0.00000000e+00 -8.33213916e-01 -1.46142189e-01  8.33213916e-01  0.00000000e+00 -1.65515182e-01  1.46142189e-01  1.65515182e-01  0.00000000e+00 
 0.00000000e+00  1.80938305e-01  1.59198998e-01 -1.80938305e-01  0.00000000e+00  1.06040357e+00 -1.59198998e-01 -1.06040357e+00  0.00000000e+00 
 0.00000000e+00  9.71630954e-02 -3.91173254e-01 -9.71630954e-02  0.00000000e+00 -9.01640726e-01  3.91173254e-01  9.01640726e-01  0.00000000e+00 
 0.00000000e+00  2.34978817e-01  4.14525610e-02 -2.34978817e-01  0.00000000e+00  1.14179009e-01 -4.14525610e-02 -1.14179009e-01  0.00000000e+00 
 0.00000000e+00 -4.46845999e-01 -1.35137478e-01  4.46845999e-01  0.00000000e+00 -4.81021333e-01  1.35137478e-01  4.81021333e-01  0.00000000e+00 
 0.00000000e+00 -2.97759123e-01  2.04303421e-01  2.97759123e-01  0.00000000e+00  6.32544916e-01 -2.04303421e-01 -6.32544916e-01  0.00000000e+00 
 0.00000000e+00 -8.29000000e-08  2.27000000e-08  8.29000000e-08  0.00000000e+00  8.84000000e-08 -2.27000000e-08 -8.84000000e-08  0.00000000e+00 
 0.00000000e+00 -4.34000000e-08 -1.87000000e-08  4.34000000e-08  0.00000000e+00 -6.38000000e-08  1.87000000e-08  6.38000000e-08  0.00000000e+00 
 0.00000000e+00  4.72000000e-08  1.15000000e-08 -4.72000000e-08  0.00000000e+00  1.04000000e-08 -1.15000000e-08 -1.04000000e-08  0.00000000e+00 
 0.00000000e+00  5.84513822e-01  1.24577742e-01 -5.84513822e-01  0.00000000e+00  2.34251800e-01 -1.24577742e-01 -2.34251800e-01  0.00000000e+00 
 0.00000000e+00  3.14093599e-01  8.76181830e-03 -3.14093599e-01  0.00000000e+00 -5.00064495e-01 -8.76181830e-03  5.00064495e-01  0.00000000e+00 
 0.00000000e+00  3.89046540e-01  7.12992089e-02 -3.89046540e-01  0.00000000e+00  1.27051181e-01 -7.12992089e-02 -1.27051181e-01  0.00000000e+00 

interface.strength
kids_real 3
 0.00000000e+00
-1.30500000e-03
-3.98200000e-03

